ndvi.txt
ncols         518
nrows         339
xllcorner     380505
yllcorner     3940995
cellsize      30
NODATA_value  -9999
[rows 75 to 99 of 339, columns 285 to 341 of 518]
0.08423655 0.03393009 -0.009215202 0.116308 0.1231103 0.05700402 0.001457981 -0.0133825 -0.002903406 -0.007194245 0.01077209 -0.01119127 -0.003808864 0.08885393 -0.007106972 0.01080722 0.03338123 0.08353422 -0.0005740162 0.02413755 0.023398 0.01375715 0.02199779 0.005915887 0.01943746 0.09963446 0.01017214 -0.004432032 0.03604907 0.04528029 0.00929368 0.02051395 -0.01108196 -0.03813754 -0.0665591 -0.08717347 -0.003866388 0.1539369 0.262265 0.1806268 -0.08068221 -0.1144546 -0.1168891 -0.1171809 -0.1018157 -0.01708085 0.0434078 0.04251747 0.02378172 0.02612578 0.06018955 0.05635059 0.02508576 0.01375436 0.02366611 0.05896616 0.05375789
0.1186909 -0.00883514 -0.02529511 -0.02234742 0.06701419 0.08345871 0.0981527 0.09491764 0.04076739 0.009410431 0.0246403 -0.01205238 0.03754194 0.05286672 -0.0005960896 0.02612152 0.0361373 0.03214069 0.007498051 0.03050524 0.0458568 0.03054348 0.02763526 0.01639537 0.001841197 0.03503721 0.05380677 0.01782562 0.006762932 0.01625331 0.02375533 0.03291361 -0.003953727 -0.02550316 -0.04474676 -0.05754847 -0.05800369 0.01183261 0.1631693 0.03731488 -0.1120129 -0.116322 -0.115663 -0.1147997 -0.04459764 -0.005113495 0.01210423 0.02652051 0.01337644 0.01664637 0.008494573 0.04270391 0.02451296 0.001463415 0.009191499 0.0236792 0.03803429
0.02304633 0.01309996 -0.01438889 -0.004063153 -0.005259359 0.03163961 0.04066038 0.133571 0.1099805 0.02737072 -0.0142905 0.02452925 0.06257041 0.05902261 0.07759993 0.07311764 0.01276801 -0.006014392 0.02276786 0.05472637 0.03844805 0.03809581 0.03541213 0.05974229 0.02410181 0.02524975 0.02432046 0.03324166 0.001776581 -0.01149425 -0.0257771 0.0003744851 0.01525941 -0.0002931692 -0.02066412 0.003102863 -0.01206572 -0.01614017 -0.08575237 -0.1019099 -0.1159142 -0.1179788 -0.1186545 -0.1059443 0.03098557 0.02548863 0.03316946 0.02766227 0.01817991 -0.008404249 0.02796712 0.001898884 0.06105192 0.09676417 0.0334873 0.07367156 0.06563965
0.06268262 0.03895803 -0.005138488 0.01884058 -0.005573343 -0.00880549 -0.001141552 0.06715546 0.08506405 0.04171281 0.01994541 0.03985783 0.01596004 0.0002611989 0.03915696 0.008092797 0.01588609 0.04356593 0.02783338 0.02643371 0.04420691 0.02753982 0.00232378 0.01649485 0.01091906 0.007533574 0.000119346 0.04003735 0.01472471 0.02221461 0.01738805 -0.006833713 0.03275893 0.06409838 0.04309736 0.02482252 0.1096334 0.06622936 -0.08088824 -0.1167849 -0.1157846 -0.1166899 -0.1121575 -0.06439763 0.03674639 0.03673846 0.01719949 0.05787288 0.01034647 0.02002443 0.06480154 0.1280675 0.142833 0.1602444 0.04274508 0.08482743 0.095
0.04466977 -0.01626278 -0.0162181 0.04272994 -0.01352237 -0.002523129 0.003793581 0.03542205 0.01277075 -0.01333192 0.02568063 0.0127613 0.01344588 0.05123933 0.06272482 0.006195147 0.01085559 -0.00255481 0.006931317 0.007402991 0.03968623 0.004514673 0.003277947 0.0140774 0.05737782 0.0287588 -0.003432494 0.01005835 0.01977449 0.009353079 0.05477081 0.0162788 0.007711524 0.0172053 0.03636364 0.04782237 0.1369349 0.1020736 -0.05386417 -0.1155341 -0.1218738 -0.1239631 -0.09503568 -0.01144071 0.008191635 0.005696058 0.01081081 0.02503857 0.03890946 0.03571236 0.05466344 0.08447571 0.1137476 0.09685925 0.01684702 0.02486857 0.07411549
0.03239789 0.03110742 0.03994103 0.0603522 0.009494198 0.04451165 0.07835876 0.02379407 0.03125538 0.005607253 0.01333764 -0.01200735 0.02604785 0.1406844 0.05103677 0.0539629 0.02897714 0.00930589 0.02261885 -0.006018816 0.02375112 0.0216508 0.0206381 0.06067109 0.1436527 0.05583149 -0.007047864 0.02151081 0.007360447 0.007323205 0.003607214 0.001514622 0.02738931 0.02714978 0.05297909 0.04329647 0.1148642 0.06784571 -0.02671177 -0.02021516 -0.03583986 -0.07050198 -0.05742463 0.02288825 0.05171938 0.05417189 0.03993257 0.06316721 0.03716853 0.02991789 0.02895878 0.004891272 0.05990929 0.04607595 0.02583661 -0.002365106 0.02637268
-0.004240238 -0.01235052 0.01430025 0.02215777 0.01183536 0.0373936 0.05659223 0.03379155 -0.005731805 0.006721163 0.01341565 -0.007761565 -0.007876636 0.04604771 0.06157185 0.06498585 0.05947974 -0.008730692 -0.01135494 0.01189731 0.03977273 0.05309233 0.04715718 0.0732384 0.1011712 0.06962994 -0.004008855 -0.00350003 -0.007294833 0.02258356 0.01990521 0.02132744 0.01325294 -0.004113872 0.03425265 0.03518346 0.1837732 0.01081531 -0.04943449 -0.03823371 -0.02610583 -0.0254386 -0.00826175 0.06522052 0.03552803 0.06758893 0.03459815 0.01800928 0.02309688 0.01519718 0.1317283 0.09622375 0.09811061 0.01758338 0.02096873 0.008206207 0.02758328
-0.006238372 0.03346502 0.008589403 0.00895959 0.009537952 0.008657233 0.01909571 0.00916997 0.05318008 0.02887042 -0.01241773 -0.006845378 -0.004126824 0.0213183 0.03191295 0.02884835 0.0202828 -0.003412969 0.008730615 0.004159776 -0.02447113 0.07633588 0.2142078 0.01922237 0.04252734 0.01284033 -0.0256057 0.06405973 0.007379679 0.07312682 0.04843982 0.01631331 0.002331239 -0.007912497 0.08527806 0.06298277 0.1871797 -0.03645347 -0.119163 -0.1066568 -0.08415841 -0.05602892 0.008760807 0.1141357 0.04874462 0.007126424 0.01273499 -0.0006008631 -0.01888142 -0.01648052 0.07859603 0.1557516 0.07649615 0.02706216 0.01926146 0.02817351 0.05092958
-0.02665363 0.007755695 -0.00908769 0.03278952 0.02453173 0.02955665 -0.01384535 -0.0001184694 0.1066754 0.07458427 0.007309644 -0.0007985095 -0.001129093 -0.001136951 0.04257666 0.02869315 0.03714758 -0.002640562 -0.01235286 0.06660055 0.02211822 0.03236388 0.1349653 0.01971931 0.008087181 0.002529026 0.03697859 0.04460399 0.009314842 -0.01337793 -0.01516843 -0.01494396 -0.02480552 0.03355793 0.07818148 0.1984293 0.1799101 -0.05954454 -0.1141693 -0.1158466 -0.1194593 -0.1015436 -0.004862444 0.07255743 0.05797261 0.02110685 -0.001274535 0.008830762 -0.009063013 -0.02250843 0.06435511 0.09745391 0.02381385 0.02208709 0.04863206 0.03697144 0.03698372
-0.002098015 0.03972981 0.01096744 0.1124445 0.06750803 0.001483109 0.004405286 0.03374958 0.04308128 -0.0006324222 -0.01394484 0.007978382 0.01958848 0.005304499 0.01359113 0.01645493 0.02902375 0.01958532 0.02807643 0.05120386 0.05904114 0.02347317 0.02426433 0.02894955 0.02550102 0.0266508 0.002765845 0.02570022 0.0008978675 -0.03137621 -0.03668504 -0.01931007 0.02690527 0.06662858 0.07074813 0.2327283 0.1425493 -0.09014767 -0.1150388 -0.1167466 -0.1164013 -0.08675185 0.007844701 0.01964197 0.06675143 0.02874895 0.02746263 0.1145233 0.03984531 -0.005432372 0.08460778 0.04252765 -0.01745058 5.838052e-05 0.06173108 0.03652174 0.03567664
-0.002957955 0.001936895 0.03949616 0.1507259 0.1302109 0.05129991 -0.02434506 0.03868542 0.03811057 -0.003298622 0.001611703 0.022899 0.0256745 0.007644883 0.006744764 0.01887892 0.01554152 0.03039014 0.05737844 0.07971244 0.08120795 0.07089216 0.0337511 0.04254625 0.04769788 0.01678322 0.04059003 0.06558438 0.03961999 -0.01814939 -0.02682866 -0.02583669 0.01029531 0.07441039 0.1508695 0.2839806 0.05900133 -0.1097217 -0.1185655 -0.1183711 -0.1163223 -0.08423006 0.1437783 0.05491685 0.06255355 0.01294516 0.006456157 0.0318513 0.0252157 -0.002910361 0.02070363 -0.01235658 -0.03558621 -0.02776558 -0.02199796 0.02616597 0.0169472
0.007425591 -0.002427016 -0.002413311 0.04025157 0.07285079 0.04 0.006354708 0.008962734 0.02075387 0.0233038 0.0116293 0.001914264 0.01984516 0.01469406 0.01075397 0.01497918 0.01691434 0.03885313 0.1295859 0.08447313 0.02606018 0.008271904 0.06382315 0.08494525 0.04674095 0.02303081 0.1215251 0.1080488 0.01619238 -0.02778195 -0.01343791 0.000717669 -0.009757601 0.01279691 0.2116457 0.3404483 -0.04077002 -0.1164584 -0.1170796 -0.1179558 -0.1154947 -0.07785852 0.18854 0.04693392 0.02615694 0.01747045 0.005109532 -0.01725726 0.01051448 0.02191541 0.002112 -0.01244046 -0.008037275 -0.001626528 -0.004815924 0.03585162 0.02472312
-0.01990178 -0.02423897 -0.002133966 -0.009067141 -0.01561749 -0.004521307 0.02128102 0.0081525 0.02287582 -0.02130977 -0.005013674 -0.003623834 0.0205853 6.452862e-05 0.01275526 -0.0009812339 0.02052652 0.008829334 0.03727902 0.03795253 0.01107809 0.03911019 0.02453917 0.05870279 0.04220969 0.05657422 0.1461205 0.06658467 -0.0008049369 0.00348702 0.00483676 0.03649347 0.04356974 0.05866393 0.2332523 0.2063737 -0.09868074 -0.1161604 -0.1178566 -0.1184577 -0.116171 -0.06064462 0.1049569 0.06499269 0.01914469 0.006493152 -0.0009572611 -0.002000632 0.02299995 0.04621426 0.07622017 0.04569102 0.02563262 0.02338039 0.0137822 -0.001194172 0.00398049
0.01131559 -0.003539405 -0.02757164 -0.01628388 0.04241977 0.0616894 0.06896045 0.01924749 -0.006561424 0.0005889282 -0.009818181 0.003430628 0.02843242 0.05375544 0.02619671 -0.006392376 0.009171177 0.01692989 -0.004165615 0.04182551 0.05105652 0.06146805 0.0291498 0.03951368 0.0680293 0.08108857 0.08582179 0.08554997 0.07087279 0.01410437 0.02557926 0.1187171 0.2141263 0.2626799 0.1797335 -0.05362906 -0.1193072 -0.1173651 -0.1180115 -0.1181212 -0.1155895 -0.08381309 0.1328028 0.07900313 0.03655685 0.02833563 0.01806007 0.003020519 0.02860887 0.01620546 0.07248285 0.08918829 0.007413916 0.03574427 0.003478979 0.001541402 -0.0169874
0.03802398 0.02508305 0.02823929 0.03891996 0.09587746 0.08906291 0.09208369 0.09947399 0.09460053 0.05706752 0.07842693 0.03520418 0.0448505 0.06244392 0.109216 0.1039111 0.03829146 0.04197856 -0.01403895 -0.02636404 0.04888935 0.04089219 0.06357738 0.01552941 0.05049116 0.07905273 0.0679602 0.1125046 0.08825295 -0.007000539 -0.02148736 0.1531552 0.3026534 0.2854693 0.005907733 -0.1108724 -0.1165559 -0.1176881 -0.1183212 -0.1182498 -0.1146531 -0.1152231 0.07564095 0.1672609 0.07069727 0.03787797 0.02447767 0.007660246 0.04197849 0.02149533 -0.00394011 0.03216086 0.02963376 0.0259502 0.02556868 0.005306537 0.01157317
0.0348872 0.01736478 0.003445983 0.02607389 0.05463576 0.07748221 0.1035741 0.1455335 0.1827102 0.2009518 0.1390821 0.02222462 0.07233617 0.18323 0.1992859 0.09857768 0.06042947 0.07566398 -0.005798924 -0.08052463 0.0156065 0.02993948 0.07109226 0.01759741 0.03551729 0.04302961 0.07062753 0.02745346 0.02917959 0.001967908 0.01298701 0.1171171 0.3356263 0.1209096 -0.1096972 -0.1132571 -0.1177063 -0.1174781 -0.1180067 -0.1154999 -0.1152359 -0.1121437 -0.03402213 0.1637215 0.05093013 0.03099382 0.02520161 0.02815572 0.05126534 0.01966086 0.0278776 0.03554226 0.004325967 0.0007114322 0.01402055 0.04062483 0.01201977
0.006081564 0.02017821 0.004390844 -0.001478509 0.002015001 0.03603961 0.03646582 0.009368685 0.00994231 0.03851508 0.03710366 0.006954452 0.0974206 0.0924971 0.0881957 0.04508443 0.0495914 0.07713698 -0.007541322 -0.009933979 -0.06986143 0.03092458 0.0263722 0.01015358 0.03511002 0.005592273 0.07649668 0.09185641 0.006241812 0.09856076 0.1113131 0.2251611 0.2686357 -0.08098843 -0.1156536 -0.1149675 -0.1174139 -0.116261 -0.1163617 -0.115744 -0.1155459 -0.1241574 -0.08083745 0.02148302 0.02969856 0.04401836 0.05159947 0.03636663 0.02220767 0.07919317 0.06556141 0.03665037 0.01838295 0.0330107 0.0321181 0.05714571 0.03427846
0.02689106 0.03144503 0.0287112 -0.005452968 -0.01425265 0.02336449 -0.0153494 0.008842403 0.01848875 0.01675198 0.02553529 0.02882278 0.05293213 0.01573521 0.04724697 0.03727814 0.0231696 0.04537473 0.01234429 0.02034599 0.01692569 -0.02771333 0.05687845 0.02204929 0.02002447 0.03708108 0.05141388 0.03815589 0.0439465 0.1174063 0.2732665 0.2476842 0.02722369 -0.1120517 -0.1137474 -0.1151006 -0.1173454 -0.1174146 -0.1177017 -0.1177611 -0.126343 -0.08008773 -0.06890882 -0.01325479 0.0315144 0.05720251 0.05530525 0.03063405 0.02477539 0.07380381 0.04731438 0.0321237 0.02332199 0.03976485 0.002454478 0.02995673 0.02094469
0.001772631 0.01574904 0.04910687 -0.002586525 0.00753235 0.01973291 0.01676838 0.008849557 0.02287527 0.03888061 0.02204706 0.02895775 0.02357465 0.03216437 0.03858521 0.01938373 0.01596975 0.0224492 0.05301546 0.1046464 0.06681035 -0.03708465 0.04472788 0.04175801 0.02663138 0.0149305 0.02781915 0.02724239 0.04093032 0.05323194 0.1686185 0.06429049 -0.09973615 -0.1144802 -0.1140126 -0.1167521 -0.1167844 -0.1182495 -0.1194783 -0.1170485 -0.1131095 0.08445796 0.1539886 0.03100678 -0.03010077 0.03698843 0.04788295 0.02286088 0.02371021 0.007547622 0.008677619 0.02207249 0.01782678 0.03188936 0.01648885 0.04352122 -0.003683346
0.01525054 0.03630827 0.008938748 -0.009077247 0.01879016 0.01941945 0.01385249 0.006216428 0.02370216 0.04234087 0.02363402 0.06350859 0.008056641 0.006922379 0.0007377351 0.006677412 0.07331441 0.06515515 0.007612296 0.0224071 0.04605821 -0.005652688 0.0929532 0.07642229 0.1025847 0.04543477 -0.008966547 0.006256861 0.05676088 0.09954815 0.066787 -0.09924012 -0.1122072 -0.1137085 -0.1151666 -0.1163766 -0.115319 -0.1193301 -0.1177246 -0.1174736 -0.105445 0.1156643 0.252193 0.004184498 0.008510638 0.0330301 0.0826208 0.01718684 0.01342461 0.01484666 0.0259909 0.01517094 0.02919385 0.02887882 0.04477612 0.03917663 0.02099593
0.005829596 0.007926761 -0.001023049 0.01379509 0.05004873 0.00747639 0.05180587 0.01159741 0.02750213 0.01284081 0.05554208 0.03833802 0.01446897 0.0217334 0.008418213 0.1628843 0.1908404 0.09035959 0.01727811 0.01456388 0.03062727 0.04663001 -0.07697831 -0.0495154 0.08013702 0.09532211 0.05334157 0.07395036 0.1059692 0.02703302 -0.06972789 -0.1111283 -0.1152152 -0.1141127 -0.1141879 -0.116102 -0.1151845 -0.117159 -0.1177199 -0.1161784 -0.1059202 0.04978274 0.1677721 0.05666834 0.04129374 0.0566582 0.05404226 0.1125111 0.05517241 0.01449114 0.01491707 0.01054681 0.01446257 0.02007111 0.038935 0.1316075 0.1267212
0.00879462 0.004766916 -0.01109371 0.02257507 0.05269623 0.05180879 0.02810461 -0.009761188 0.005496519 0.004817955 -0.00798678 0.007749381 0.007322067 0.01392001 0.09194477 0.237144 0.1615964 -0.02066562 -0.006517427 0.007430341 0.05171465 0.08920141 -0.1006722 -0.1051881 0.007381831 0.1060258 0.09454835 0.05414843 0.003598461 0.001629423 -0.007200823 -0.08168465 -0.09919316 -0.1115953 -0.1146981 -0.1148329 -0.1166796 -0.1182262 -0.116628 -0.1151384 -0.1138947 0.03243721 0.2044315 0.08895379 0.03671953 0.0389437 0.03564117 0.07982712 0.08498976 0.04244734 0.02046445 0.00873241 0.01887442 0.01844134 0.04228619 0.1538327 0.1021641
-0.008199521 0.01134502 0.01752183 0.02243211 0.02338877 0.00170518 0.02253672 0.0005392127 -0.00948789 0.01772033 0.01671672 0.005922711 0.02973741 0.04163639 0.03767893 0.09994753 -0.03380964 -0.02342371 -0.01326847 0.02271817 0.05159143 0.05090433 -0.08384982 -0.117176 -0.08883961 0.007376186 -0.01168081 -0.08480565 -0.1317042 -0.01384878 0.02876129 -0.05311242 -0.06069267 -0.1022906 -0.1048111 -0.1175067 -0.121028 -0.1187674 -0.1175197 -0.1147819 -0.1102368 -0.02189581 0.2923639 0.1347838 0.09762929 0.01429434 0.02258852 0.08201113 0.03883431 0.05322625 0.03633005 0.0149464 0.02586207 0.0308331 0.07059595 0.2582131 0.1499883
0.01429745 0.006792059 0.02192691 0.01324666 -0.005705292 -0.0001207584 0.01329881 0.005816909 -0.01081935 -0.001982276 -0.0005320722 -0.008651035 0.004941177 0.01963351 0.02734503 0.02221674 -0.004739337 -0.008944142 -0.04021709 0.006093918 0.05083522 0.05820257 -0.09526243 -0.1128086 -0.1184324 -0.1297854 -0.1193498 -0.1110253 -0.1094981 -0.09077281 0.04953409 -0.03287588 -0.04726774 -0.07344362 0.004928664 0.09589512 -0.0942546 -0.116135 -0.115159 -0.113924 -0.1112312 -0.0707471 0.2482229 0.1675264 0.03410317 0.0528169 0.06574166 0.06132126 0.02323232 0.042428 0.05209891 0.05675375 0.0377215 0.0748702 0.106361 0.187656 0.079533
0.03661513 -0.0121383 0.05746882 0.02793366 0.02866855 0.01694331 0.006399911 0.002731536 -0.01093089 -0.003064351 0.01164501 -0.001395071 0.001381597 -0.001390821 0.004964883 0.02490421 -0.002022783 0.02601331 0.00116738 0.05289562 0.07856242 0.07121572 -0.1028632 -0.1098952 -0.1128808 -0.1155391 -0.1144838 -0.1058292 -0.07830885 -0.09253015 0.01542823 0.007690888 -0.05699843 0.03329017 0.192591 0.2407876 0.2093826 -0.1100339 -0.1137031 -0.113926 -0.1108704 -0.0624269 0.1802335 0.2099211 0.03061175 0.03137555 0.024799 -0.01671874 -0.02048585 0.005616981 0.03646113 0.05049333 0.03647279 0.052875 0.06638458 0.03851623 0.03122451
