ndvi.txt
ncols         518
nrows         339
xllcorner     380505
yllcorner     3940995
cellsize      30
NODATA_value  -9999
[rows 225 to 249 of 339, columns 228 to 284 of 518]
0.0165376 0.001315475 -0.09105704 -0.08202274 -0.02782777 -0.02723876 -0.0340804 -0.0211732 -0.04863463 -0.02591825 0.1203587 0.1121134 0.1478103 0.09457136 -0.07331766 -0.05696487 -0.02974231 -0.01461266 -0.0006104668 -0.01061626 -0.02821507 -0.04859249 -0.06534354 -0.07515014 -0.08307447 -0.08462512 -0.08435266 -0.08506737 -0.08362648 -0.08445435 -0.08490038 -0.08635053 -0.08825427 -0.09002275 -0.09281876 -0.09204546 -0.09158576 -0.0925584 -0.09436699 -0.0943457 -0.09285657 -0.09379533 -0.0938914 -0.09236106 -0.08972399 -0.08956066 -0.09051517 -0.08832782 -0.088636 -0.09016062 -0.08948093 -0.09339814 -0.09132161 -0.09272006 -0.09215734 -0.09678981 -0.09886756
-0.09199836 -0.08464551 -0.09033632 -0.04919275 -0.011101 -0.05648666 -0.009403982 -0.01200782 -0.07869269 -0.06458107 0.0244271 0.04012326 0.03436226 -0.05541487 -0.0873724 -0.08813008 -0.0791657 -0.0645391 -0.04084454 -0.03024706 -0.02560188 -0.03320665 -0.04652507 -0.05540275 -0.0688687 -0.07233974 -0.08026621 -0.08361258 -0.08095506 -0.08276626 -0.08601036 -0.08733974 -0.08846838 -0.09258204 -0.0923988 -0.09258959 -0.09096795 -0.0937072 -0.0962951 -0.0952381 -0.09240977 -0.09393425 -0.09448565 -0.09061593 -0.09020494 -0.08924966 -0.08980876 -0.08964738 -0.08918223 -0.08814245 -0.08786678 -0.08866079 -0.08967851 -0.09140694 -0.09240578 -0.09521523 -0.08987854
-0.04922558 -0.05533471 -0.03451683 -0.01193666 -0.02729312 -0.08794428 -0.05763979 -0.06641837 -0.08559029 -0.01185557 -0.03713473 -0.09959839 -0.1030205 -0.09196223 -0.09230396 -0.09346929 -0.09399076 -0.09345944 -0.08749707 -0.06809781 -0.0469223 -0.01670379 -0.0004202122 -0.00605711 -0.015303 -0.03627773 -0.05149558 -0.06857433 -0.06924745 -0.07279882 -0.08719018 -0.08886389 -0.09051201 -0.09335931 -0.09195402 -0.09155786 -0.09182349 -0.09437328 -0.09290146 -0.09244237 -0.09332903 -0.09218372 -0.09126057 -0.09026378 -0.09093849 -0.09018847 -0.08907046 -0.088487 -0.08874687 -0.08917455 -0.08934513 -0.08862402 -0.08355092 -0.08019907 -0.07303463 -0.05955065 -0.05847485
-0.01634684 -0.00829924 -0.01462774 -0.04656124 -0.08431848 -0.09494689 -0.09319255 -0.09582428 -0.04649794 0.00360159 -0.08356851 -0.09106872 -0.09187024 -0.09331834 -0.09410716 -0.09379814 -0.09156801 -0.09111182 -0.09056213 -0.09001452 -0.08930308 -0.08335275 -0.06945324 -0.04804084 -0.03304368 -0.02712602 -0.02820256 -0.03767908 -0.04838965 -0.056981 -0.06997108 -0.08365885 -0.08967303 -0.09010101 -0.09048159 -0.09037711 -0.09182841 -0.09111599 -0.09391459 -0.09363659 -0.09345794 -0.09118737 -0.09038182 -0.08920944 -0.08980583 -0.08876885 -0.08827086 -0.0876089 -0.08738812 -0.08281404 -0.07306273 -0.0585301 -0.04672897 -0.02575943 -0.03335941 -0.02006626 -0.008243877
-0.05504011 -0.076561 -0.0859973 -0.09421329 -0.09744332 -0.09842393 -0.09162099 -0.05540707 -0.03993877 -0.05972027 -0.09195311 -0.09494787 -0.09481648 -0.09544171 -0.09598576 -0.09481362 -0.09226333 -0.08718512 -0.08734068 -0.08807223 -0.08882522 -0.08794583 -0.08345076 -0.08093511 -0.06271331 -0.03893144 -0.02244708 -0.00914178 -0.01801414 -0.02912341 -0.04557038 -0.0677344 -0.08283676 -0.0855177 -0.08943617 -0.08877667 -0.08865306 -0.09147186 -0.09192879 -0.09349956 -0.09148163 -0.09149536 -0.09085031 -0.08716707 -0.09043969 -0.08808374 -0.08815227 -0.08022783 -0.07198247 -0.04913112 -0.03920991 -0.02197943 -0.01847718 -0.02003856 -0.02023418 -0.02369499 -0.02604596
-0.1023673 -0.09783217 -0.09867096 -0.09862551 -0.09842393 -0.1007241 -0.09603538 -0.07633872 -0.08713178 -0.09517787 -0.09692784 -0.09796673 -0.09659776 -0.097275 -0.09984688 -0.092856 -0.09212092 -0.09042133 -0.09090909 -0.0908078 -0.08891732 -0.08699793 -0.08598726 -0.08916433 -0.09225092 -0.09067565 -0.08751816 -0.06935031 -0.04074052 -0.02387688 -0.007022962 -0.01029481 -0.02714255 -0.03765359 -0.05889282 -0.08291288 -0.08950946 -0.08907508 -0.0902018 -0.09167069 -0.09133451 -0.09011839 -0.08880994 -0.08993939 -0.08880434 -0.07851852 -0.06495656 -0.04731707 -0.02804127 -0.02194476 -0.01706754 -0.02381733 -0.04219735 -0.0504629 -0.05365594 -0.08445401 -0.08016182
-0.09695024 -0.09670666 -0.09665996 -0.0987297 -0.09721212 -0.09614762 -0.09378276 -0.09629158 -0.09504558 -0.09477512 -0.09830184 -0.09795099 -0.09604247 -0.09554964 -0.09706872 -0.09312515 -0.0939288 -0.09170654 -0.09344894 -0.0912146 -0.09048798 -0.08960801 -0.0874821 -0.08878467 -0.08707082 -0.08747499 -0.08506889 -0.084 -0.08096691 -0.04496415 -0.009013843 -0.02484259 -0.02015257 -0.0136669 -0.01733784 -0.03547285 -0.07486407 -0.08445918 -0.08364524 -0.08269575 -0.08231231 -0.08367582 -0.08068459 -0.06760257 -0.06312178 -0.03771028 -0.02732317 -0.02137206 -0.01434368 -0.02912382 -0.03914871 -0.07275005 -0.08372415 -0.09222949 -0.09370425 -0.08972399 -0.08406362
-0.09975123 -0.09933349 -0.09738641 -0.09706001 -0.09408624 -0.0956156 -0.09276363 -0.0929309 -0.09310263 -0.09605695 -0.09605337 -0.09609173 -0.09461967 -0.09460112 -0.09327584 -0.09430633 -0.09670171 -0.09340836 -0.09185971 -0.08933856 -0.08839208 -0.08788938 -0.08691499 -0.08801528 -0.08759882 -0.08699135 -0.08785737 -0.08928428 -0.09057092 -0.09537809 -0.09397514 -0.08221626 -0.05656619 -0.01810414 -0.007273227 -0.006751612 -0.01010625 -0.02584615 -0.04018798 -0.05787192 -0.06125814 -0.04398354 -0.03365226 -0.03763127 -0.01241691 -0.01621869 -0.01794872 -0.0256001 -0.05819221 -0.07281219 -0.09089424 -0.09023585 -0.08750899 -0.09220548 -0.08990677 -0.06502242 0.1653433
-0.09785049 -0.09891523 -0.09707565 -0.09596572 -0.09396028 -0.09279017 -0.09318072 -0.0931637 -0.09485051 -0.09538809 -0.09454752 -0.09407948 -0.09409863 -0.09376764 -0.09473176 -0.09421222 -0.0948823 -0.09469789 -0.09214743 -0.09027169 -0.08985369 -0.08856118 -0.08831272 -0.08855912 -0.0907637 -0.08907402 -0.08766286 -0.0872149 -0.08871745 -0.08808623 -0.08923227 -0.0923228 -0.08976042 -0.05195547 0.001397443 0.008403362 -0.03918038 -0.03569261 -0.02335528 -0.008237029 -0.01124031 -0.02423422 -0.02146264 -0.01251974 -0.03550933 -0.03799161 -0.05729167 -0.08495184 -0.08761673 -0.09034471 -0.09266472 -0.08635592 -0.08685182 -0.08445235 0.02285714 0.2221432 0.2886058
-0.0940626 -0.09443099 -0.09551153 -0.09440984 -0.09615851 -0.09521883 -0.09333765 -0.09341327 -0.09485622 -0.09372718 -0.09539661 -0.09414634 -0.0928873 -0.09236363 -0.09280836 -0.09227932 -0.09291288 -0.09140387 -0.09176209 -0.08995299 -0.08929712 -0.08711637 -0.0880579 -0.08913738 -0.09143268 -0.09120052 -0.09073406 -0.08432 -0.08841022 -0.09030641 -0.08423186 -0.1069652 -0.103108 -0.1049724 -0.1019681 -0.07371168 -0.07335672 -0.05950632 -0.04214963 -0.06976745 -0.05952381 -0.04585742 -0.05113477 -0.08718795 -0.08337824 -0.09297852 -0.08223578 -0.08089668 -0.1068237 -0.07505465 -0.04011841 -0.08990856 -0.01499925 0.1614876 0.2465956 0.2293309 0.02312344
-0.09542016 -0.09212974 -0.09295546 -0.09211915 -0.09314045 -0.09113061 -0.09316669 -0.09373474 -0.09297605 -0.09027212 -0.09163347 -0.09164837 -0.09148214 -0.09379533 -0.0932217 -0.09263276 -0.09104023 -0.09171147 -0.0904009 -0.08933856 -0.09009226 -0.09032568 -0.08967851 -0.09024 -0.09266656 -0.09054551 -0.08944659 -0.08934182 -0.09073359 -0.06860011 0.06881259 0.1252665 0.008450279 -0.03603604 -0.07645456 -0.09068845 -0.08933441 -0.09666478 -0.0948032 -0.08830164 -0.0897999 -0.09425063 -0.09461309 -0.08941913 -0.09140431 -0.0825339 0.04 0.1910914 0.1835574 0.1927061 0.2297964 0.2623645 0.3092441 0.2485526 0.09004276 -0.07335273 -0.1296538
-0.06334911 -0.08609379 -0.09159554 -0.08672196 -0.09061383 -0.08371458 -0.09158157 -0.09483461 -0.0940241 -0.08594704 -0.08787632 -0.08898408 -0.08934736 -0.09184577 -0.09134886 -0.09033867 -0.09023645 -0.09004587 -0.09292249 -0.09184 -0.09090909 -0.09055907 -0.0918631 -0.09109864 -0.09172403 -0.09123004 -0.09044176 -0.0901923 -0.09253299 0.07211338 0.3158737 0.3421656 0.3024192 0.2125901 0.06284059 -0.06733637 -0.09214743 -0.09124498 -0.09215844 -0.09216179 -0.09135004 -0.0924641 -0.09372479 -0.09047277 -0.08860559 -0.04065534 0.2666485 0.3041974 0.3967141 0.4105484 0.3965628 0.4051311 0.1933898 0.002873563 -0.1007528 -0.08994454 -0.1069527
-0.001567209 -0.02049665 -0.008421478 -0.002902758 -0.00420197 -0.003279127 0.02329182 0.0131901 -0.02613228 -0.06059927 -0.08160332 -0.08617912 -0.0875502 -0.08965407 -0.09082141 -0.09127527 -0.09039684 -0.09076318 -0.0914459 -0.09080771 -0.09130191 -0.09129032 -0.09175939 -0.09263124 -0.09226812 -0.09252095 -0.09080645 -0.09009298 -0.08170771 0.2396436 0.4046768 0.3730607 0.4008926 0.3797602 0.2517579 -0.07385512 -0.09187109 -0.09202158 -0.09342784 -0.09121621 -0.09190319 -0.09227174 -0.09334193 -0.08782816 -0.08660426 0.04012774 0.3085155 0.3367301 0.3741479 0.3886832 0.424337 0.3031228 -0.04306008 -0.09489878 -0.09048311 -0.09247103 -0.09607969
0.01467787 0.02810697 -0.008258093 0.01667305 0.04166438 0.03128176 0.03905808 0.0603238 0.02535368 -0.01923788 -0.07452448 -0.08331325 -0.08643767 -0.09063104 -0.08887458 -0.08798714 -0.08939842 -0.08839955 -0.09076382 -0.09185304 -0.09267744 -0.09148112 -0.09243698 -0.09474023 -0.09391641 -0.09538861 -0.09180301 -0.09156626 -0.06808782 0.297286 0.3911109 0.3712888 0.3832403 0.3926617 0.2429763 -0.08688656 -0.09194939 -0.09463494 -0.09342784 -0.09301764 -0.09089445 -0.09215292 -0.09118712 -0.08950543 -0.0695121 0.1602297 0.3261123 0.3196444 0.2874531 0.3230529 0.3780731 0.2018567 -0.07836238 -0.08921933 -0.08981451 -0.09034623 -0.0898428
0.03878349 0.0575606 -0.03538725 -0.007053772 0.02557 0.02976902 0.02319856 0.05143529 0.01860807 -0.01473074 -0.0751982 -0.08082358 -0.08544099 -0.08714703 -0.08868353 -0.0874005 -0.08994624 -0.09076331 -0.0907642 -0.09190144 -0.09274194 -0.09123117 -0.09306096 -0.09419063 -0.09476067 -0.09365656 -0.09318968 -0.09236819 -0.03098549 0.2195174 0.329578 0.3675112 0.3444566 0.2914112 0.04832662 -0.09317575 -0.09299507 -0.09254021 -0.09218259 -0.09200482 -0.08919962 -0.08956543 -0.09161165 -0.09002082 -0.002378378 0.3043268 0.3800572 0.3123472 0.2842747 0.339955 0.3433792 0.07027318 -0.08380067 -0.09064422 -0.08945609 -0.08906519 -0.08992982
0.05138942 0.06678903 0.001885491 0.01213537 0.02702703 0.04366197 0.01390621 0.0337932 0.04772102 -0.02121303 -0.07179855 -0.08007479 -0.08342151 -0.08548124 -0.08669959 -0.08710745 -0.08935759 -0.09006187 -0.09273385 -0.09263888 -0.09177266 -0.09028001 -0.08980974 -0.09203839 -0.09347528 -0.09383292 -0.09422151 -0.09457389 -0.0655496 0.02801312 0.1347356 0.220557 0.1612941 0.02371264 -0.0850996 -0.09294279 -0.09341723 -0.09200871 -0.09134809 -0.09254499 -0.09172763 -0.09083582 -0.0908944 -0.08864821 -0.008556926 0.2177572 0.3171752 0.3593998 0.3577549 0.3695351 0.290448 -0.05086564 -0.08509441 -0.08889972 -0.09019479 -0.08948144 -0.08988581
0.0547195 0.05198031 0.01767687 0.01366916 0.02492992 0.04373522 0.00844479 0.04284754 0.04598841 -0.02039061 -0.06766458 -0.07966185 -0.08425865 -0.08666287 -0.08741004 -0.08759477 -0.0898677 -0.09189364 -0.09121731 -0.09158396 -0.09200289 -0.090443 -0.09237206 -0.0913775 -0.09235977 -0.08999118 -0.09287777 -0.09462383 -0.1001212 -0.1076898 -0.1035427 -0.04961629 -0.08379535 -0.09358418 -0.09213375 -0.09398133 -0.09361428 -0.09200482 -0.09174238 -0.09199099 -0.09137876 -0.09290595 -0.09439792 -0.090137 -0.07927787 -0.03906601 0.04313568 0.1380432 0.2341643 0.3146652 0.2074717 -0.07996131 -0.08943089 -0.08816819 -0.09034319 -0.09156429 -0.09156252
0.03408261 0.05387012 0.03956206 0.01016121 0.02576088 0.03588678 0.01202945 0.04657809 0.0258826 -0.01127504 -0.07120886 -0.07782672 -0.08501629 -0.08553756 -0.08563064 -0.08752929 -0.08946901 -0.09060023 -0.09162768 -0.09071916 -0.09163602 -0.08840707 -0.09026492 -0.09165461 -0.09295183 -0.09244918 -0.09299879 -0.09593 -0.09400752 -0.09600707 -0.09287257 -0.09760619 -0.09306261 -0.09544171 -0.0958397 -0.09497027 -0.09258517 -0.0936522 -0.0930607 -0.09137709 -0.0865787 -0.05127597 -0.01135345 -0.08774451 -0.09019796 -0.09932061 -0.1053316 -0.08311627 -0.02017039 0.07669251 0.02121922 -0.08568647 -0.0899935 -0.09114626 -0.09077515 -0.0923833 -0.0925002
0.04892684 0.1032587 0.01893917 0.06122846 0.0252661 0.02920202 0.004060864 0.03172063 0.03355905 -0.005553965 -0.07692308 -0.07993501 -0.08109865 -0.08350934 -0.08673055 -0.08732349 -0.08802988 -0.08940719 -0.09168547 -0.09023882 -0.09146538 -0.09048463 -0.08897142 -0.09148163 -0.09188138 -0.09236493 -0.09245054 -0.09305666 -0.09386513 -0.09472837 -0.09382557 -0.09490703 -0.09497658 -0.0951497 -0.09480467 -0.09487529 -0.09296 -0.09391025 -0.09181301 -0.0878936 -0.02364247 0.2362387 0.2004571 -0.06184527 -0.08755908 -0.08807958 -0.08914853 -0.08958567 -0.09684721 -0.1087099 -0.09760649 -0.09148418 -0.09282872 -0.09263774 -0.09265592 -0.09313326 -0.09211063
0.005354067 0.02079948 0.06044408 0.07756456 0.02924918 0.03002426 0.01255586 0.02409484 0.04991243 -0.01382596 -0.06831715 -0.07868268 -0.07985658 -0.08337405 -0.08630928 -0.08849845 -0.08874108 -0.08967413 -0.09048463 -0.09114373 -0.09117362 -0.09158576 -0.09008204 -0.08910408 -0.09104187 -0.09196609 -0.09459351 -0.0949185 -0.09401847 -0.09432441 -0.09550016 -0.09548878 -0.09497207 -0.09587712 -0.09537269 -0.09422737 -0.09270249 -0.09219176 -0.09191708 -0.07889467 0.2231821 0.371929 0.2266237 -0.0486242 -0.08491477 -0.08759242 -0.08745981 -0.08742994 -0.08673755 -0.08959422 -0.09104139 -0.09294586 -0.09063178 -0.09029291 -0.09270664 -0.09296278 -0.09213959
0.01711354 0.0115643 0.03194263 0.06992634 0.05375099 0.04692958 0.01284997 0.04826181 0.04605071 -0.01356233 -0.06527494 -0.07897086 -0.0817929 -0.08544278 -0.08694231 -0.08757039 -0.08890152 -0.08817587 -0.08918591 -0.09001134 -0.09090909 -0.09207327 -0.09260915 -0.09179529 -0.09020369 -0.09361668 -0.09331621 -0.09411197 -0.09470797 -0.09666964 -0.09551246 -0.09495573 -0.09349956 -0.09479974 -0.0962316 -0.09465882 -0.09307569 -0.09034118 -0.08766882 0.07711289 0.4086803 0.2785151 -0.01096507 -0.07551164 -0.0872018 -0.08756355 -0.08974877 -0.08718194 -0.0865839 -0.09011839 -0.08956661 -0.09133756 -0.09064446 -0.09051166 -0.09048121 -0.0911452 -0.09141184
0.01889943 0.01818029 0.01478103 0.131943 0.07891428 0.02258065 0.02290724 0.03829626 0.02270524 -0.004607233 -0.072187 -0.07747396 -0.08071785 -0.08365487 -0.08546659 -0.08713017 -0.08621805 -0.08675358 -0.08975919 -0.09176394 -0.09108511 -0.08894618 -0.08868257 -0.09026205 -0.09289706 -0.0938407 -0.09310567 -0.09512611 -0.09249677 -0.09358245 -0.09173567 -0.09488221 -0.09288649 -0.09267033 -0.0943579 -0.09439433 -0.09355877 -0.08806137 -0.05266448 0.276223 0.3881733 0.04044475 -0.08542471 -0.08651298 -0.08755761 -0.08980287 -0.08934931 -0.08877641 -0.08840358 -0.08886371 -0.09045144 -0.09067231 -0.09129304 -0.09071713 -0.09121896 -0.09073187 -0.09065755
0.09846514 0.1502078 0.1749847 0.1615867 0.03856611 0.004936056 0.008843865 0.01299246 0.02312139 -0.002184751 -0.07015873 -0.07837042 -0.08095238 -0.0818546 -0.08377519 -0.08653846 -0.08671736 -0.08875453 -0.08997972 -0.09024745 -0.09159569 -0.09105457 -0.09007633 -0.09232139 -0.09529632 -0.09481853 -0.09343904 -0.09327267 -0.09229275 -0.09232643 -0.09271469 -0.09373734 -0.09476914 -0.09446149 -0.09474023 -0.09160918 -0.09089445 -0.06537186 0.1770143 0.3493542 0.1771256 -0.07123005 -0.08625121 -0.08810963 -0.08754864 -0.08901376 -0.08753143 -0.08754345 -0.08814491 -0.08946128 -0.08996089 -0.08997889 -0.08977778 -0.09004048 -0.08959702 -0.08987486 -0.08999022
0.05740609 0.03319025 0.05438806 0.031819 0.003508772 0.01266635 0.006305039 0.01014033 0.01624199 -0.01025314 -0.06133374 -0.07858546 -0.08011821 -0.08131009 -0.08388145 -0.08566801 -0.08798318 -0.08912009 -0.09017388 -0.09187621 -0.09163602 -0.09024059 -0.08963065 -0.09051095 -0.09314444 -0.09438548 -0.09352168 -0.09250386 -0.092179 -0.09145696 -0.08966417 -0.09260612 -0.09389406 -0.09369457 -0.09259853 -0.09044341 -0.08924117 0.06579588 0.341451 0.2240788 -0.03186738 -0.09528847 -0.08625942 -0.08719192 -0.08765101 -0.08885985 -0.08713289 -0.0873112 -0.08763756 -0.09034874 -0.09024271 -0.08812137 -0.08710407 -0.09071713 -0.08938865 -0.08850855 -0.08960456
0.003731343 0.002784841 0.0129431 0.02318341 0.02613366 0.01818907 0.01006154 0.01697388 0.0009394314 -0.007484168 -0.06083321 -0.08737218 -0.07980295 -0.08122242 -0.08285946 -0.08408044 -0.08663067 -0.08834662 -0.08989671 -0.09023823 -0.08880556 -0.08881421 -0.0907767 -0.08999186 -0.09329209 -0.09210207 -0.09306481 -0.09294222 -0.09271955 -0.0902704 -0.08955102 -0.09341551 -0.09290677 -0.09255079 -0.08991387 -0.09020681 -0.06562475 0.2588102 0.3187189 -0.02047526 -0.08352762 -0.08529008 -0.08704062 -0.08654781 -0.09008204 -0.0881201 -0.08680104 -0.08700547 -0.08683744 -0.08999432 -0.08889793 -0.08651749 -0.08684743 -0.08876222 -0.08939001 -0.08783619 -0.08783069
