ndvi.txt
ncols         518
nrows         339
xllcorner     380505
yllcorner     3940995
cellsize      30
NODATA_value  -9999
[rows 100 to 124 of 339, columns 285 to 341 of 518]
-0.002915105 -0.00762129 0.03197214 0.03073652 0.04726758 0.03866392 0.01353811 -0.02070618 -0.00413704 -0.01993783 0.007122046 -0.0134248 -0.028125 -0.003322259 0.0004665267 0.002932207 0.008484163 0.01577459 0.07248691 0.09484277 0.09125686 0.04038533 -0.1009174 -0.1090098 -0.1120191 -0.1122418 -0.1108543 -0.09373766 -0.05069433 -0.07100046 0.01083235 0.1231076 0.07789415 -0.04992696 0.138125 0.3051848 0.2612674 -0.07307351 -0.1128957 -0.1141271 -0.1100301 -0.0893424 0.2179606 0.2085875 0.05271007 0.03208532 -0.0003740315 -0.01963711 -0.02210026 -0.01580559 0.01997568 0.047809 -0.01040378 -0.009031716 0.07514577 0.06827129 0.05054793
0.04340227 0.04330927 0.05407806 0.002767992 0.02664726 0.03251231 0.0130143 0.0237009 0.01593741 -0.001385425 -0.003352296 -0.01197235 -0.008289374 0.01561134 0.0186927 0.02270257 0.009840845 0.01173802 0.01242268 0.05716832 0.07928853 0.002575017 -0.1062305 -0.1126338 -0.1117974 -0.1036742 -0.1082291 -0.1035611 -0.06869852 -0.01532538 0.102385 0.07206582 0.06362904 -0.01996109 0.08548842 0.3086258 0.3316471 -0.03209117 -0.1136066 -0.1144838 -0.1118644 -0.1061728 0.1203169 0.2603713 0.1264056 0.01345437 0.03377536 0.039686 0.04522773 0.01326017 0.02016422 0.06369901 0.1079355 0.03931 0.02985425 0.02645791 0.0392069
0.07504869 0.0264891 0.02155605 -0.001137304 -0.01335805 0.01339656 0.02357564 0.01860302 -0.008775319 0.008157494 0.0008726004 0.02015935 0.04924073 0.04056511 0.00185468 -0.01056688 0.002208255 0.02929035 0.03321651 0.04824714 0.0921685 -0.06391949 -0.1110941 -0.1121366 -0.1079805 -0.06291173 -0.09020598 -0.07231168 0.0963983 0.02754654 0.09589776 0.1047929 0.05534686 0.08105081 0.06680575 0.2416847 0.34387 0.09321985 -0.1104633 -0.1121876 -0.1110258 -0.1071951 -0.02125026 0.223504 0.2693928 0.02814999 0.05985316 0.07063847 0.03712534 0.0814504 0.06453871 0.08163265 0.08049356 0.06902041 0.04072451 0.04923999 0.03777048
0.0872123 0.02658971 0.01617303 0.03282981 0.002121641 -0.008660576 -0.02050902 0.0005257317 0.01063953 0.04637772 0.07288412 0.02847322 0.04387394 0.007769023 0.01884191 0.02388076 -0.005919597 0.0184746 0.007879614 0.03192805 0.1074435 -0.07871763 -0.1131208 -0.1127669 -0.1075451 -0.0608136 -0.0323718 0.1140286 0.166224 0.02879599 0.0800939 0.1651021 0.1103734 0.1363331 0.05547429 0.1218385 0.3016668 0.2160661 -0.08630198 -0.1095428 -0.1101044 -0.1081247 -0.03830264 0.2134528 0.2312359 0.06261901 0.1999303 0.1303875 0.04794699 0.06401742 0.08668473 0.07749946 0.07492773 0.06749094 0.07284014 0.05640608 0.02272986
0.04187415 0.06007437 0.0954674 0.07806243 0.02329616 0.03645736 -0.009591116 0.02498413 0.02278456 0.01824727 0.01317637 0.03113758 -0.01248875 0.007915837 -0.005408766 0.01642876 0.01524099 0.01465798 0.00285299 0.04142525 0.04113384 -0.09500902 -0.1122198 -0.1130395 -0.1024197 -0.03790654 0.03669092 0.1700146 0.1814078 0.05623355 0.1313904 0.1301703 0.09808397 0.1388202 0.1121558 0.002798155 0.2536074 0.2832907 -0.003204272 -0.1109069 -0.1110428 -0.1091622 -0.06393788 0.2385483 0.2451998 0.1990276 0.2019078 0.2691239 0.1363972 0.06147258 0.07488933 0.03508197 0.02330048 0.04639148 0.03340305 0.02782234 0.0142417
-0.003352593 0.02243027 0.1231064 0.117199 0.0309943 -0.01471994 0.01441048 0.05590958 0.02655732 -0.007047499 0.006754931 0.01270709 0.02873467 0.02425814 0.01644333 0.01650837 -0.001943208 -0.003543756 0.0534258 0.07082094 -0.05149086 -0.1120795 -0.1112984 -0.1107367 -0.07010964 0.1267693 0.08488721 0.1665259 0.1697153 0.06974596 0.1631647 0.1799052 0.1222557 0.07989942 0.1036525 0.03791266 0.1666513 0.3045634 0.02629239 -0.1065711 -0.1101051 -0.1104455 -0.0993117 0.205053 0.3473172 0.2526724 0.185549 0.08119766 0.07577257 0.09804104 0.01378324 0.04836002 0.07394331 0.09145294 0.04278501 0.04433447 0.04442085
-0.02903003 0.06535704 0.1826131 0.101674 0.001870957 0.04425259 0.06212615 0.06585818 0.06405769 0.02517135 0.0245682 -0.008418762 0.007656625 0.02509683 0.04554699 0.001087801 0.05825143 0.06894698 0.0754326 0.01007015 -0.1060908 -0.1155262 -0.1118608 -0.1083511 -0.006511264 0.2436707 0.06312739 0.1309179 0.238671 0.1080207 0.0987639 0.2037431 0.1225577 0.06127714 0.07892466 0.01492341 0.1155987 0.265797 0.1273909 -0.1077321 -0.1114006 -0.1110429 -0.1038734 0.07978376 0.3002245 0.2506157 0.1676992 0.2314 0.2452616 0.1856387 0.04802977 0.08323666 0.1570556 0.1696527 0.1396782 0.1465716 0.1208631
0.03985154 0.1423298 0.1355143 0.03662072 -0.01432892 0.04264838 0.0864285 0.09406997 0.1139553 0.06406555 0.07723577 0.00506315 0.05648005 0.03896104 0.01959283 -0.002678779 0.04691584 0.1169638 0.05976546 -0.06550395 -0.1134194 -0.1133201 -0.1105508 -0.09971424 0.07018024 0.2420538 0.0600806 0.05770049 0.2207267 0.2016085 0.1824902 0.1673474 0.1359427 0.08501206 0.1116047 0.0007667536 0.07363003 0.2351043 0.2528188 -0.09782363 -0.1123346 -0.1116728 -0.1080751 0.03791588 0.2140706 0.2418398 0.2556304 0.2214881 0.2786498 0.2443325 0.1088825 0.08050749 0.1898348 0.2488813 0.2219738 0.2570174 0.2494747
0.1103146 0.192095 0.1437347 -0.004364488 0.02624444 0.06208184 0.08524487 0.1320425 0.1133016 0.02897356 0.02818489 -0.007556675 0.06171068 0.06778967 0.01902923 -0.01592563 0.06442175 0.04536489 0.05308133 -0.1020499 -0.1124188 -0.1111451 -0.1109752 -0.06124512 0.135083 0.2508257 0.1342636 0.03673518 0.1348933 0.2095932 0.1615049 0.1149552 0.1526402 0.08935896 0.120263 0.06243069 0.08212747 0.2829958 0.2230946 -0.07596029 -0.1111791 -0.1116712 -0.1100763 -0.04951724 0.1404808 0.1355191 0.2335404 0.1909738 0.162237 0.1626026 0.2264512 0.1406811 0.2193328 0.2633258 0.2120932 0.1502237 0.2008945
0.1072807 0.2384821 0.120534 0.01847341 0.04390573 0.120199 0.1262875 0.0982245 0.06331418 0.03047346 -0.0171039 0.04195693 0.06330743 0.03777012 0.06937515 0.09745128 0.1458052 0.1015166 -0.0362843 -0.1078106 -0.1139066 -0.1121309 -0.1102464 -0.07554585 0.09290744 0.2512465 0.2519551 0.2482929 0.20563 0.1782557 0.08254859 0.007405337 0.1160806 0.09823599 0.1431539 0.05162164 0.06114167 0.2619264 0.1984733 -0.08266511 -0.1100931 -0.111823 -0.1108226 -0.1000678 0.1319897 0.1479989 0.1495884 0.1396683 0.08370096 0.2404378 0.3271593 0.2166902 0.2003834 0.2312124 0.2612877 0.1797924 0.2117879
0.1273393 0.2692535 0.167394 0.07454083 0.06186305 0.1265154 0.1320874 0.103387 0.09183857 0.04671115 -0.01708052 0.09890983 0.06961185 0.05979298 0.08185431 0.06967063 0.1793198 0.09093676 0.003544304 -0.05064445 -0.1153964 -0.114019 -0.1104168 -0.03558891 0.04057803 0.09654351 0.1311641 0.2049569 0.2583522 0.1181449 0.03820131 -0.01212965 0.1226733 0.1333625 0.1250504 0.08846433 0.01749829 0.18025 0.2521776 -0.04597621 -0.1111449 -0.1118572 -0.1098699 -0.1059181 0.04093355 0.1714817 0.1422213 0.1222626 0.1589273 0.2119108 0.1903363 0.2488382 0.2501754 0.2317428 0.206278 0.1565637 0.2260107
0.1657486 0.2498395 0.05244884 0.04896725 0.05828741 0.1101303 0.1433316 0.1164429 0.1087317 0.0419756 -0.02579737 0.02384599 0.1126124 0.06048985 0.06906907 0.02678279 0.1141251 0.03376877 -0.07601101 -0.01020648 -0.04783298 -0.1144058 -0.100664 0.0215311 0.04029596 0.05488499 0.1421732 0.1666123 0.2123426 0.06443669 -0.01396806 0.02109858 0.09915774 0.1428717 0.08322363 0.1624314 0.1393905 0.1506044 0.3057078 0.07841171 -0.1080751 -0.1121295 -0.1083785 -0.09442806 -0.001127246 0.1177054 0.1086188 0.1542796 0.1947723 0.1524628 0.1280621 0.1506178 0.174577 0.2099621 0.2182356 0.25 0.3093252
0.1423977 0.2186813 0.0276607 0.1364531 0.135456 0.0853997 0.1138427 0.1801542 0.1651614 0.1523157 0.1055257 -0.02319546 0.07886995 0.08529383 0.01331704 0.03564998 0.1065912 -0.02654976 -0.1299515 -0.07088573 -0.02147885 -0.05543926 -0.03720502 0.07712644 0.0505849 0.05961341 0.08152118 0.05659102 0.04015967 0.03139497 0.01406837 0.03174695 0.04574776 0.08915552 0.1059389 0.1680637 0.2064959 0.1579172 0.2361595 0.09419044 -0.1035532 -0.1136398 -0.07607547 0.1209432 0.06877705 0.09131239 0.1244201 0.106548 0.2319123 0.2386841 0.2268046 0.1455206 0.1259621 0.1386446 0.163038 0.1863761 0.02704274
0.103828 0.1477018 0.2285012 0.2955025 0.3067909 0.2697297 0.01646364 0.02921497 0.155132 0.2148383 0.1427685 -0.005838967 0.03266244 0.09481373 0.09154147 0.1106833 0.09157884 -0.08245514 -0.1119283 -0.1097008 -0.05944079 -0.02760397 0.07794965 0.090481 0.06899489 0.03934136 0.02278319 0.008850638 0.01288089 0.03049308 0.03396597 -0.01122514 -0.02135188 0.00240855 0.1138134 0.07241593 0.06764168 0.04926591 0.1989935 0.00750268 -0.1093099 -0.116308 -0.03108384 0.1053228 0.05679268 0.01842387 0.09010592 0.1213729 0.3370375 0.3774357 0.2718958 0.1214218 0.09608857 0.1114455 0.1393765 0.2024048 0.132081
0.08111816 0.03357817 0.1366859 0.2235626 0.2807096 0.2081592 0.08053613 0.04483545 0.1083533 0.1215237 0.04015685 0.04153143 0.03848219 0.2122411 0.3270869 0.2523465 -0.0003860507 -0.1101855 -0.1146016 -0.1123476 -0.09696288 -0.03608312 0.05626753 0.03931862 0.04953681 0.06796218 0.02736682 0.03639085 0.04775223 0.004427646 0.01297996 0.002683943 0.05801141 0.03466495 0.06252538 0.1029766 0.04828835 0.02278513 0.1553843 0.07581978 -0.1217432 -0.05583546 0.02185792 0.09744148 0.1135916 -0.09385019 0.0009258187 0.1022026 0.2303155 0.3931102 0.2909998 0.1694822 0.09485634 0.174183 0.223444 0.1510467 0.2327136
0.05033557 0.09058476 0.1082338 0.1497968 0.1669349 0.117381 0.193241 0.1846206 0.1437434 0.09445491 0.01471375 0.04671667 0.01936388 0.1132798 0.3369163 0.1882789 -0.1012753 -0.1138912 -0.1121481 -0.1144081 -0.1135458 -0.07995348 0.05874244 0.02067397 0.09079061 0.1018731 0.03070411 0.02256683 0.0135 0.03086959 0.04413928 0.008671355 0.04957248 0.1192493 0.06174706 0.09247357 0.1111422 0.09676228 0.122467 0.1411288 -0.03589003 0.01857585 0.02615575 0.05835934 -0.004661365 -0.1367824 -0.05772653 0.0528548 0.1499575 0.1864688 0.1323846 0.189556 0.2041968 0.1455738 0.1334792 0.1397644 0.2851684
0.05269292 0.006721051 0.1067393 0.1562759 0.1681435 0.111352 0.07043608 0.09184311 0.1401806 0.1865184 0.07431911 -0.0001417635 -0.004368436 0.117909 0.2596403 0.02772665 -0.1222845 -0.1140344 -0.1148344 -0.1123501 -0.1123673 -0.02723357 0.1033896 0.02819342 0.07088892 0.1067907 0.05927788 0.07503846 0.05266514 0.03473467 0.07431407 0.0440685 0.05231597 0.1187284 0.1093231 0.08093855 0.1181818 0.1339804 0.201474 0.1351587 0.04162301 -0.01602477 -0.09102323 -0.1134372 -0.09652278 -0.05072613 -0.06180172 -0.009980541 0.02798702 0.01685731 -0.02274002 0.03895067 0.2245906 0.2226443 0.1381818 0.1978245 0.1369174
0.0239802 0.01218113 0.01742859 0.0660941 0.1450137 0.2760294 0.2913112 0.22619 0.1950505 0.1289256 0.1189822 0.1056114 0.09792826 0.208046 0.136269 -0.08540823 -0.1145435 -0.1147944 -0.1146282 -0.1130035 -0.08822206 0.05451979 0.07333989 0.02530317 0.03454566 0.06008746 0.05364544 0.05446743 0.03349574 -0.01929237 0.1601056 0.1479958 0.03665131 0.03818518 0.0685446 0.03910804 0.02785454 0.1171624 0.1207048 0.05653227 0.002357132 -0.09428219 -0.1152257 -0.1108717 -0.1091328 -0.07508411 -0.08930948 -0.08662803 -0.09254555 -0.09042316 -0.07438753 -0.06499322 0.04847159 0.1827383 0.1367075 0.1294005 0.1389765
0.01508959 0.0227451 -0.0006467469 0.06408484 0.07083762 0.1746815 0.2305423 0.2302659 0.1858068 0.09531773 0.08279387 0.2201439 0.2785198 0.1962617 -0.04480089 -0.1140458 -0.1155354 -0.1149558 -0.1139299 -0.1060805 -0.04834761 0.0687911 -0.002756392 0.01412543 -0.0009654154 0.01680004 0.06169725 0.05589419 0.09460206 0.1069862 0.08956684 0.2273009 -0.008001058 0.01048618 0.02855521 0.04304112 0.01452209 0.07089043 0.02615529 0.1095566 0.1115885 -0.1105854 -0.1143207 -0.1169349 -0.1098927 -0.1063044 -0.09758657 -0.1159476 -0.1128933 -0.1127413 -0.1019337 0.004867047 0.1229877 0.2038698 0.1223428 0.1295504 0.1823204
-0.005030296 0.01491621 0.02586958 0.02518948 -0.009728978 0.02911493 0.2348346 0.2128175 0.05836782 0.07274556 0.06054953 0.1714447 0.1848258 -0.08177906 -0.1183189 -0.1177372 -0.1163077 -0.1179053 -0.1167653 -0.08224543 0.04770717 0.0748764 0.005445352 0.0112992 0.02894995 0.01215357 0.03097273 0.1271434 0.1593139 0.1529005 0.1318495 0.07211793 0.01221728 0.001507262 0.02702408 0.08141092 0.03469329 0.02217752 0.05862806 0.1859088 0.1648948 -0.106186 -0.114094 -0.1165287 -0.1130126 -0.1113354 -0.1151129 -0.1143763 -0.1125203 -0.1129655 -0.1148857 -0.003846616 0.1651807 0.1940738 0.1698077 0.189192 0.3245965
-0.008467788 0.000886132 0.04119891 0.02934119 0.01148734 0.01603976 0.1224109 0.1203663 0.07399043 0.05733157 0.07494516 0.1466667 -0.03579284 -0.1156047 -0.1182763 -0.1193687 -0.1182994 -0.1152485 -0.09895513 0.06072763 0.1697075 0.05302553 0.02854664 0.0688827 0.01153458 -0.0007142393 -0.01219512 0.02506964 0.07040794 0.07674597 0.06023698 0.04493877 0.05857928 0.09528235 0.04647706 0.02143927 0.04802956 0.03563219 0.07377444 0.2031146 0.08348524 -0.1061665 -0.1157075 -0.1166743 -0.1140661 -0.1115587 -0.1118181 -0.1144078 -0.1122481 -0.1120403 -0.111248 -0.08300844 0.07862097 0.2328981 0.2257503 0.3219464 0.4506406
0.03099229 -0.000202061 -0.001244887 -0.009546682 -0.01676867 0.005144904 0.06472049 0.100582 0.1107147 0.1049992 0.05424945 -0.002453196 -0.1084319 -0.1152581 -0.1178276 -0.1173622 -0.1144133 -0.09559748 0.002337329 0.06540196 0.117276 0.1151565 0.1095092 0.05685193 0.005358013 -0.01500112 -0.02847182 0.005550307 0.02155106 0.02854594 0.03241843 0.02379355 0.04160406 0.1082428 0.0805571 0.005244308 0.06369357 0.05157145 0.06052662 0.2314951 -0.004862015 -0.1089109 -0.117683 -0.1161686 -0.1155287 -0.1129132 -0.1123377 -0.1147898 -0.1139319 -0.1129922 -0.113434 -0.1176288 -0.07503938 0.09846713 0.2396122 0.1876774 0.4275323
0.02651745 -0.01576793 -0.01975088 0.02519474 0.0123725 0.00408445 0.03899192 0.07044657 0.1466559 0.1022864 -0.05844564 -0.1095859 -0.1177783 -0.117113 -0.1175883 -0.1176199 -0.1120098 -0.007606788 0.1269226 0.09976526 0.1240139 0.1151534 0.04459377 0.04603076 0.03423257 -0.03682123 -0.03843255 -0.02578354 0.008190103 0.03952723 0.03913558 0.01142757 0.005700931 0.07580234 0.01976646 0.04708597 0.0253315 0.04026733 0.01592221 0.227397 -0.003857812 -0.1097394 -0.1159817 -0.1141288 -0.1147716 -0.1128698 -0.1138237 -0.115127 -0.1153098 -0.1151572 -0.1137706 -0.1148732 -0.1099163 -0.07115385 0.08771555 0.1601973 0.2178658
0.003210464 -0.004777564 -0.01964133 0.02921157 0.147091 0.05684232 0.1572135 0.1027806 0.08783892 -0.02581369 -0.1133578 -0.1171809 -0.1187669 -0.1187355 -0.1171532 -0.1160391 -0.06783145 0.09989611 0.1443822 0.1198144 0.06977011 0.0628006 0.02863701 0.04368427 0.1236954 -0.03237322 -0.0319642 -0.01428118 0.06023309 0.07034632 0.04147466 0.05086668 0.03911958 0.02389565 0.005018697 0.04379868 0.02809686 0.03158485 0.07716707 0.156774 -0.002663753 -0.1085218 -0.1146967 -0.1164493 -0.1149996 -0.114222 -0.1137474 -0.1157731 -0.1149961 -0.1110078 -0.1072365 -0.111782 -0.1125203 -0.1114539 -0.03451054 0.1339139 0.1465405
-0.009042908 0.05670955 0.112615 0.02481966 0.2116526 0.2241037 0.1965234 0.02578966 -0.0642511 -0.1132482 -0.1164399 -0.1166089 -0.1168571 -0.1163149 -0.1167732 -0.09986299 0.02846535 0.09922895 0.1233156 0.06445183 0.02650469 0.01632047 0.0175806 0.02368703 0.03255716 0.04076479 0.01243581 -0.009997183 0.0003063162 0.05018958 0.02658083 0.01952255 0.02933247 0.0249699 0.04258858 0.03997428 0.0214298 0.02369218 0.1315053 0.1779574 -0.02230327 -0.1087271 -0.1149714 -0.1154784 -0.1126535 -0.113755 -0.1136434 -0.1130759 -0.09810412 -0.08890884 -0.09489272 -0.1007008 -0.1106301 -0.1120576 -0.1175644 -0.05669399 0.1561283
