ndvi.txt
ncols         518
nrows         339
xllcorner     380505
yllcorner     3940995
cellsize      30
NODATA_value  -9999
[rows 125 to 149 of 339, columns 228 to 284 of 518]
0.02811691 0.03903002 0.05953221 0.06131877 0.06026929 0.03885098 0.02709649 0.05341402 0.04114923 -0.008659418 -0.02522863 0.05498351 0.05020804 -0.001239966 -0.002359109 -0.02285594 -0.03296522 0.04944462 0.1082705 0.09461078 0.02404377 0.07863037 0.08021056 0.01374301 0.07289124 0.09613197 0.108314 0.04736196 0.0761103 0.0556768 0.04011793 0.01258741 0.02409638 0.09425507 0.2785566 0.2962253 0.0620697 0.000213698 0.004467015 0.04233761 0.01314722 0.03887075 0.04224962 0.002524456 0.05529118 0.06756046 0.04678741 0.06135675 0.03740732 0.02595978 -0.001619968 0.03063621 0.07819198 0.03653738 -0.009870918 -0.002253944 -0.05151253
0.03545151 0.03941298 0.02757039 0.008160143 0.05953244 0.1010975 0.05337078 0.01002468 0.003285747 -0.0006968641 -0.02378168 0.02218469 0.06948924 0.01174424 -0.02796926 -0.03165016 -0.02481728 0.01219158 0.08550263 0.05719201 0.03905697 0.01551107 0.009402283 0.004243726 0.08439777 0.1040058 0.03877896 0.01115088 0.01204105 0.0591409 0.1514539 0.036885 0.05071269 0.2239568 0.3451376 0.2267157 0.02231621 0.003708806 -0.01079288 0.007115655 0.002108728 0.01987448 0.03006868 0.01250327 0.08044244 0.09584087 0.0705899 0.04743893 0.04450385 0.04276277 0.02049959 0.02663531 0.06785938 0.06771205 0.04180891 0.002893658 -0.01546122
0.001948871 0.01191961 0.03989962 0.009377345 -0.01124806 0.05446602 0.02130729 -0.01813665 0.01721495 -0.03047269 -0.02469325 -0.03114884 0.01474032 0.01893171 -0.02775057 -0.03087337 -0.02426912 -0.02787763 0.006567915 0.05478316 0.08430081 0.01870793 0.01185264 0.01188568 0.01314439 0.02009881 0.034837 0.01914263 0.02933159 0.07092083 0.08894053 0.08486465 0.07406089 0.2313606 0.1880584 0.07939169 0.01892636 0.006531205 -0.007771902 0.0005191863 0.004416961 0.008715038 0.002781852 0.01800223 0.0524284 0.1053909 0.07207122 0.09195167 0.08555689 0.03413449 0.01478393 0.02300045 0.03086169 0.05110935 0.03295427 0.04271863 0.06371859
0.0006746121 -0.01176601 0.032282 0.01837238 0.009867262 0.04915462 -0.008252264 -0.00122459 0.02207343 -0.009340422 -0.02973373 -0.009869233 -0.0002700513 0.001030928 -0.02573661 -0.03117687 -0.01520017 -0.01097672 -0.01650739 0.0428311 0.0679044 0.05159433 0.04887613 0.01053499 -0.01293987 0.009961022 0.0116182 -0.004019769 0.008245533 0.09890474 0.1269979 0.09240674 0.1046238 0.1252271 0.02815295 0.0234702 0.01528712 0.02084546 0.009295554 0.004515559 -0.001431276 0.01363927 0.01017397 0.06792969 0.07637219 0.06335364 0.02167746 0.0729529 0.1002182 0.024808 0.01194499 0.02472474 0.0166321 -0.0007952076 0.05206463 0.04171714 0.09114238
0.03333151 0.03612015 0.01152933 0.002929115 0.01428414 0.01866502 -0.02380591 -0.006551363 0.03153948 0.01368506 -0.01177089 -0.01230367 -0.01239094 -0.03833099 -0.0302353 -0.0143836 0.01188372 0.007921647 0.03171865 0.07354598 0.0423406 0.1735727 0.1682318 0.1188377 0.0748882 0.07468019 0.08632204 0.003294361 -0.02410199 0.01436393 0.03538917 0.0310764 0.03800924 0.01889236 0.01514535 0.02025454 0.01479492 -0.001513212 -0.00371517 0.00311174 0.002591917 0.007585666 0.04521193 0.06765588 0.09658785 0.03406197 0.008451335 0.01522676 0.09476335 0.01097932 0.0138843 0.01995236 0.001233654 0.003089917 0.06353007 0.0580856 -0.01910828
0.03861107 0.006984728 -0.01874587 0.01342505 0.01045643 -0.009711037 -0.02051479 -0.03527436 0.02336945 -0.001045175 0.02547106 -0.01590228 -0.02560177 -0.03643667 -0.03331718 0.01569585 0.002299606 0.03816438 0.1341172 0.0559394 0.0787037 0.3283683 0.3161456 0.187549 0.2655332 0.08928459 0.05710522 0.06488371 -0.002575588 -0.02057675 0.002231388 0.02033842 0.01233885 0.01059954 0.02519324 0.01903908 0.01725722 0.0159205 0.001798099 0.0256754 0.004028576 0.03605781 0.07616756 0.08177821 0.1131566 0.06922428 0.0469441 0.05435877 0.03921874 0.00797967 -0.002944667 0.004439002 0.02369212 0.01820323 -0.001307058 -0.04513286 -0.03168483
0.01424094 -0.002324159 -0.006106211 0.005231037 0.0005893383 0.018876 -0.03016826 0.004655493 0.06080542 0.002989358 0.04565092 -0.02473905 -0.01937336 -0.02886716 -0.007131537 0.04106246 0.03032167 0.05816286 0.1804442 0.04831506 0.2371167 0.3225982 0.2757748 0.2690653 0.2876122 0.2473726 0.1086526 0.01936787 0.03709958 0.04172564 -0.0003972082 0.004484305 0.004358822 0.01597444 -0.0005636112 0.01018198 0.01310709 0.0198783 0.01927062 0.01550696 0.02719372 0.06114705 0.1046196 0.08017124 0.06771415 0.04305292 0.03509644 0.07517689 0.08054324 0.007994223 0.001045507 0.03976452 0.03163961 -0.03302475 -0.08779848 -0.1265544 -0.08141361
-0.002392484 0.004074658 0.05927918 0.00945806 -0.01679963 0.00616808 0.03642576 0.05132901 0.08598556 -0.0008510638 -0.01081505 -0.0255343 -0.009765377 -0.0154185 0.01531846 0.08371872 0.156999 0.1395728 0.1376462 0.1822685 0.3567194 0.3678145 0.3752404 0.3362216 0.2376287 0.2315431 0.3044174 0.1533882 0.04585456 0.07451172 0.04474372 0.0281477 0.03247625 0.03704436 0.03765614 0.01905559 0.008786269 0.01554294 0.03494564 0.01573724 0.03067547 0.04397452 0.0859375 0.05221421 0.02554978 0.03509953 0.06404583 0.05666519 0.06128081 0.03377418 0.03697004 0.1107039 -0.0692576 -0.1219285 -0.1186806 -0.1185893 -0.1098851
0.02489969 0.08062588 0.0507201 -0.01030321 -0.02259398 -0.001116819 -0.01410687 0.02438408 0.02450954 0.01503115 0.003704212 -0.03841789 -0.01639137 0.02115639 -0.005434378 0.06831035 0.2178167 0.09656619 0.1698747 0.3246366 0.3882929 0.3827117 0.3972123 0.3378312 0.1882641 0.1426866 0.2702007 0.3397684 0.2153279 0.05105783 0.08448095 0.04719492 0.03279771 0.05359923 0.04423772 0.04228707 0.009499816 0.01528397 0.05497893 0.03147438 0.01571902 0.01996696 0.01652295 0.01788724 0.0370684 0.06459645 0.07155464 0.04413903 0.02508286 0.1752129 0.07688918 0.01570929 -0.1134904 -0.1193479 -0.1184038 -0.1159208 -0.1125634
0.01229704 0.0001304802 0.004427731 0.004252217 0.0289782 0.02267732 0.000192123 0.02652683 0.02820181 -0.008364312 -0.0281411 -0.0177123 -0.01011252 0.1095615 0.007555385 0.134969 0.1037191 0.03164851 0.2843938 0.3814938 0.4078526 0.3851484 0.4018466 0.3692533 0.1754248 0.2697505 0.3445828 0.3206052 0.3128685 0.1874489 0.0300164 0.07812843 0.02376466 0.0278349 0.04383684 0.04810289 0.03196149 0.02092419 0.03457273 0.03791007 0.04502084 0.03458647 0.03242606 0.04938043 0.0613399 0.04910235 0.03126849 0.01506715 0.1298114 0.2024497 0.07426342 -0.06023171 -0.1187898 -0.1189102 -0.1157927 -0.1135019 -0.1126771
0.03465997 -0.02004192 -0.002959455 0.006292213 0.03151133 0.04589487 0.03642963 0.01507988 0.02992966 -0.007982348 -0.0262986 -0.004528246 0.0159304 0.07834458 0.119163 0.1854482 0.03494176 0.1334895 0.2485867 0.377369 0.3990135 0.3720891 0.3513123 0.2737259 0.1484615 0.3674175 0.3873214 0.3747298 0.3239386 0.304806 0.1420301 -0.002974983 0.008662943 0.03402577 0.03597723 0.0168595 0.02083333 0.01663978 0.02068252 0.02874322 0.04837243 0.05419163 0.05553532 0.05078195 0.04475505 0.02397007 -0.00231694 0.0682402 0.1361498 0.08245649 -0.03605739 -0.1087401 -0.1167709 -0.1177467 -0.1133973 -0.1147238 -0.113015
0.01461061 -0.008108908 0.02389411 0.03102941 0.01535912 0.05858917 0.07338271 0.02260506 0.03567353 0.003818752 0.006746167 -0.02751032 0.02069244 0.1131242 0.2334644 0.06813728 0.1015465 0.336401 0.3885648 0.367528 0.4015484 0.355662 0.3122005 0.2632928 0.2011318 0.3286109 0.3552366 0.3535642 0.3344375 0.3255012 0.3231837 0.189323 -0.0259366 0.03182903 0.04946048 0.02472066 0.0121138 0.003925553 0.01059634 0.03282461 0.03510309 0.03518353 0.04033874 0.02720512 0.04163862 0.01483294 0.01486508 0.04623229 0.06657004 -0.0341715 -0.1133879 -0.1175657 -0.1166551 -0.1174114 -0.1170213 -0.1170532 -0.1176971
-0.005041559 0.02644913 0.04316046 -0.002832497 0.02443069 0.05300353 0.06901049 0.06167857 0.03372411 0.04201503 0.06809095 -0.00170622 0.114094 0.2652748 0.1570643 0.06480741 0.2960091 0.3341597 0.3343517 0.3403127 0.3111391 0.2984713 0.3070428 0.297531 0.2703191 0.2560243 0.3018244 0.3683358 0.3403064 0.3095066 0.3182745 0.3381715 0.2658242 0.04012429 0.05515899 0.03901869 0.0281342 0.00603047 0.01613185 -0.025317 -0.01308228 0.02208526 0.03692539 0.03591397 0.006089093 0.003674248 0.02984766 0.04966056 -0.03141461 -0.1070563 -0.1159498 -0.1152393 -0.1156011 -0.1176788 -0.1184139 -0.1185841 -0.1127357
0.00985393 0.002051983 0.009587786 -0.02644466 -0.01144388 0.03328051 0.04976731 0.03911813 0.0004954583 0.06571696 0.2170401 0.09102802 0.1498339 0.1918987 0.03549756 0.1438181 0.3190901 0.2993957 0.3166766 0.2979885 0.2730331 0.1841252 0.242222 0.2688651 0.2451058 0.2693042 0.316197 0.3794749 0.3322715 0.3267731 0.3555261 0.3494282 0.3441465 0.2240042 0.03729748 0.009500734 0.05806232 0.02509077 0.01665159 0.0006273526 -0.008279903 0.002396235 0.001754011 0.004768054 -0.006957671 0.03910912 0.02701276 -0.06375203 -0.100969 -0.1155949 -0.1173658 -0.1184058 -0.1194007 -0.1173159 -0.1165947 -0.1088521 -0.0690124
0.03346303 0.03188565 0.03404507 -0.03371869 -0.01283406 0.05019655 -0.008309232 0.009581541 0.0007934709 0.1175306 0.2092083 0.2091856 0.1557336 0.07798853 0.07456588 0.2626667 0.3453941 0.3465527 0.3433502 0.3240285 0.3736491 0.3087061 0.2800887 0.352757 0.3584514 0.3668847 0.3800134 0.3605762 0.3351443 0.3779628 0.3895229 0.3620966 0.3426064 0.3368091 0.2350522 -0.05376028 -0.01430202 0.03793821 0.04435931 0.03341725 0.01591689 0.01529903 0.005644014 -0.004081976 0.0316015 0.0008156607 -0.08982471 -0.1179762 -0.1151812 -0.1176697 -0.1180969 -0.1189006 -0.1168311 -0.1179242 -0.1016682 -0.05112759 -0.02132341
0.04746018 0.003709315 0.01238446 -0.02770595 -0.02342482 0.00551116 0.03203571 0.05040272 0.03200268 0.1275271 0.2182318 0.3017476 0.1688125 0.05688813 0.2609795 0.3675814 0.3703757 0.3656782 0.3376911 0.3186971 0.3497971 0.3490136 0.3160141 0.338853 0.3771563 0.4068487 0.4016419 0.3877346 0.3961231 0.416056 0.4192501 0.387552 0.3770631 0.3445618 0.2680253 0.130707 -0.03354501 -0.02945772 -0.0009123163 0.02555488 0.025508 0.04622377 0.03100443 0.01504969 -0.03896104 -0.1025428 -0.1143275 -0.1174525 -0.1187404 -0.1198643 -0.1172659 -0.1182912 -0.1163903 -0.09924248 -0.008741644 0.03208977 0.02389121
0.01147359 -0.01244076 0.01055917 0.01582112 0.01572436 0.0250641 0.0002643125 -0.002465276 0.02623736 0.106052 0.204768 0.2204293 0.09428937 0.1853906 0.2314661 0.1959025 0.2817643 0.3576585 0.3531543 0.3670278 0.3718495 0.3584888 0.3640477 0.3740231 0.4459419 0.4143791 0.402937 0.3852155 0.3896229 0.3998176 0.4425087 0.3423191 0.3958479 0.3693393 0.4007463 0.3511831 -0.003284432 -0.06957538 -0.04024683 -0.00162715 0.0329111 0.08566778 0.03278517 -0.01921916 -0.000470539 -0.07050379 -0.1188165 -0.1156452 -0.1171352 -0.1172616 -0.1180325 -0.1163435 -0.09304051 0.03900297 0.08580686 0.08962379 0.06395469
-0.005449275 -0.001360881 0.0009271523 0.009495136 0.04522159 0.05254501 0.03117094 -0.0510241 0.01759015 0.1008807 0.1949941 0.06423072 0.1021388 0.2993781 0.07679265 0.1971638 0.2178308 0.3655472 0.3688231 0.3098962 0.2035538 0.2948423 0.3740614 0.3682592 0.3903968 0.3643835 0.3550867 0.3310342 0.3662828 0.3679749 0.3673714 0.3382561 0.3658889 0.3827483 0.3507806 0.1114163 -0.08288601 -0.09514563 -0.07817014 0.003301298 0.09409345 0.01288201 -0.0250625 -0.1199193 -0.005932698 0.001925451 -0.06303103 -0.1130793 -0.1164906 -0.1163364 -0.1159565 -0.0761933 0.04321029 0.0837813 0.03979282 0.03361132 0.0492999
-0.01661457 0.02422566 0.001919386 0.0328712 0.03840668 0.02290165 0.01253043 -0.02160143 -0.002913794 0.1220596 0.2360594 0.03553927 0.1824106 0.3849778 0.3138732 0.2756677 0.3290462 0.3379574 0.3142914 0.1172161 0.05880731 0.1903936 0.3281745 0.3505824 0.3595033 0.3814626 0.3670449 0.3577781 0.3037037 0.2413505 0.3018774 0.3279885 0.3373257 0.2812048 0.08192677 -0.08243329 -0.1002504 -0.03119769 0.05922049 0.04901106 -0.05757269 -0.1038031 -0.1110942 -0.1322852 -0.05030973 0.006815551 -0.002621232 -0.0875758 -0.114663 -0.1148399 -0.0483766 -0.007706284 0.08916231 0.0763014 0.003628057 0.0853718 0.1284786
0.00604247 0.01564644 -0.01527403 0.0478197 0.08971462 0.1251448 0.08220593 -0.01097936 -0.02001291 0.1217593 0.1980421 0.08414617 0.1558324 0.3461757 0.3807856 0.340023 0.3626257 0.3118224 0.2472769 0.05575799 0.0006618134 -0.03454245 0.09106506 0.2740551 0.372131 0.3586561 0.2954118 0.1817033 0.04393362 0.04295255 0.2348178 0.2273811 0.1426741 0.01797238 -0.09087969 -0.08397799 0.003977607 0.130208 0.04798112 -0.08822427 -0.1121567 -0.1148048 -0.1151478 -0.1144042 -0.109589 -0.03790547 0.01451935 -0.03831546 -0.1049623 -0.1313513 0.06738716 0.1521958 0.02687551 0.05340806 0.0708933 0.0392232 0.1117214
0.02146947 0.02411621 0.01085325 0.07543387 0.09798559 0.1038623 0.05190905 -0.002537576 -0.02526733 0.06537149 0.1741142 0.1205973 0.09276447 0.1630238 0.2890985 0.3860469 0.389023 0.3454042 0.192744 0.1177169 -0.003320382 -0.08919397 0.06513673 0.322369 0.3510396 0.1565495 0.1739353 0.1392743 0.2069957 0.2553726 0.2370757 0.03719764 -0.0618948 -0.09123004 -0.03310955 0.07624746 0.1001015 0.0304345 -0.1126836 -0.1127587 -0.1143342 -0.1166847 -0.1170852 -0.1160102 -0.116046 -0.09318182 -0.02825093 0.01042433 -0.04117505 -0.03595378 0.04266088 0.1278863 0.08597903 0.0983443 0.1310243 0.05411741 0.1216947
0.02456656 0.02314087 0.0305167 0.05129207 0.03313429 0.02111193 0.008128166 0.002660361 -0.001321353 0.00563685 0.04178242 0.09026713 0.07219676 0.08128583 0.15768 0.2051239 0.3427723 0.384881 0.1979393 0.04101112 -0.0507834 -0.06366612 0.1985366 0.3635172 0.2145775 0.01077186 0.311765 0.3617772 0.3081642 0.1711823 -0.0342022 -0.08259658 -0.08884597 -0.0784127 0.05696937 0.06554469 -0.07291818 -0.1144968 -0.115663 -0.11597 -0.1164839 -0.1179463 -0.1172074 -0.1174927 -0.1157082 -0.1169481 -0.07878099 -0.001283302 0.01472276 0.03223284 0.03421454 0.01760862 0.07925835 0.1092265 0.115589 0.1298765 0.1286749
-0.001302736 0.02660597 0.01096553 0.01926209 0.01455184 0.002381078 0.006329114 0.003219416 0.04048311 0.0163899 0.02943897 0.04179372 0.1122704 0.03815385 0.1484432 0.08709142 0.146953 0.2886562 0.3606471 0.2410216 -0.01264886 0.1087409 0.2303595 0.193482 0.1462039 0.2187211 0.3077033 0.2450488 0.05930663 -0.09127366 -0.08982326 -0.08640192 -0.08121543 0.001325283 0.07842378 -0.0002601118 -0.1134861 -0.1170237 -0.1161928 -0.1161928 -0.1168069 -0.1168991 -0.1158673 -0.1010223 -0.1114741 -0.07261805 -0.02807203 -0.002405686 -0.006311399 0.03198781 0.07086293 0.0105428 0.0135901 0.06341849 0.05153247 0.04041924 0.06958138
0.006574828 0.0005318834 -0.003410253 0.007585899 0.02771457 -0.02096562 0.001333249 -0.02768704 -0.009477057 0.002713704 0.0003619778 0.02706339 0.1194247 0.05095065 0.02841517 0.01030321 0.01966471 0.02709692 0.20213 0.3064944 0.2587271 0.2663202 0.3231895 0.3151355 0.3117093 0.2547812 0.1193386 -0.04569769 -0.08195145 -0.08732531 -0.08489881 -0.07367246 0.06227903 0.05855414 -0.0386432 -0.1111794 -0.1174652 -0.1171422 -0.1181297 -0.1169695 -0.1159308 -0.1140588 -0.1072134 -0.01290168 -0.01965722 0.01328074 0.003474471 0.01349586 -0.02645903 -0.02589732 0.06962664 0.04643678 -0.05727873 0.003313217 0.02301917 0.006646526 0.004513304
-0.02024975 -0.002579428 0.00337303 -0.02378435 -0.00388666 -0.001891477 0.0001245485 -0.02948058 -0.02687296 -0.03194335 -0.0327493 0.004094394 0.0570646 0.04131701 0.0002815157 0.004153459 0.01964183 0.004235693 -0.01484314 0.08930395 0.2710142 0.3308028 0.2936359 0.2995396 0.194364 0.02022345 -0.0889301 -0.08395102 -0.08962837 -0.09825166 -0.07211385 0.07619177 0.07219487 -0.07122339 -0.1150607 -0.1132571 -0.1166499 -0.1167827 -0.1192007 -0.1167968 -0.1162215 -0.1174628 -0.09926526 -0.006706216 0.03533452 0.03091972 0.003240834 -0.02440127 -0.03623682 -0.03917421 -0.01344618 0.03569967 -0.02107983 -0.0597079 0.009111205 0.02336244 -0.001003009
